same node:
       8          0.000000372
        16          0.000000248
        32          0.000000520
        64          0.000000511
       128          0.000000689
       256          0.000000450
       512          0.000000622
      1024          0.000000810
      2048          0.000000906
      4096          0.000002707
      8192          0.000002679
     16384          0.000003439
     32768          0.000004443                                                                                                             
     65536          0.000006700
    131072          0.000011235
    262144          0.000020794                                                                                                                  524288          0.000040659                                                                                                                 1048576          0.000074663                                                                                                                 2097152          0.000221238
   4194304          0.000527912        
   8388608          0.001390096
  16777216          0.002858385
  33554432          0.005627454
  67108864          0.010987167
 134217728          0.021104410
 268435456          0.041579062
 536870912          0.082155374
1073741824          0.176507593

data_size:                     
8 16 32 64 128 256 512 1024 2048 4096 8192 16384 32768 65536 131072 262144 524288 1048576 2097152 4194304 8388608 16777216 33554432 67108864
134217728 268435456 536870912  
time:                                                                                                                                       
    0.000000372     0.000000248     0.000000520     0.000000511     0.000000689     0.000000450     0.000000622     0.000000810     0.0000009
06     0.000002707     0.000002679     0.000003439     0.000004443     0.000006700     0.000011235     0.000020794     0.000040659     0.0000
74663     0.000221238     0.000527912     0.001390096     0.002858385     0.005627454     0.010987167     0.021104410     0.041579062     0.0
82155374     0.176507593   


poly:
1.62e-10 x - 0.0001671
1.617e-10 x + 1.917e-05

latency
different node:

         8          0.000053207                                                                                                              
        16          0.000053076                                                                                                              
        32          0.000053024                                                                                                              
        64          0.000053105                                                                                                              
       128          0.000052947                                                                                                              
       256          0.000052892
       512          0.000052833
      1024          0.000061093
      2048          0.000092809
      4096          0.000092516                                                                                                             
      8192          0.000165758          
     16384          0.000208130                                           
     32768          0.000362717                                                                                                              
     65536          0.000753946                                                                                                              
    131072          0.001325812                                                                                                              
    262144          0.002415780                                  
    524288          0.004871212                                       
   1048576          0.009522760                   
   2097152          0.018518532                                           
   4194304          0.036424857                       
   8388608          0.072595909
  16777216          0.145564153
  33554432          0.289037154
  67108864          0.594184549
 134217728          1.213965873
 268435456          2.331109251
 536870912          4.617040360          
1073741824          9.248197688                                           

    0.000053207     0.000053076     0.000053024     0.000053105     0.000052947     0.000052892     0.000052833     0.000061093     0.0000928
09     0.000092516     0.000165758     0.000208130     0.000362717     0.000753946     0.001325812     0.002415780     0.004871212     0.009$
22760     0.018518532     0.036424857     0.072595909     0.145564153     0.289037154     0.594184549     1.213965873     2.331109251     4.$
17040360     9.248197688
